2.050000000000000000e+02
2.000000000000000000e+02
2.000000000000000000e+02
2.000000000000000000e+02
2.000000000000000000e+02
2.000000000000000000e+02
2.000000000000000000e+02
2.000000000000000000e+02
2.000000000000000000e+02
2.000000000000000000e+02
2.000000000000000000e+02
2.000000000000000000e+02
2.000000000000000000e+02
2.000000000000000000e+02
2.000000000000000000e+02
2.000000000000000000e+02
2.000000000000000000e+02
2.000000000000000000e+02
2.000000000000000000e+02
2.000000000000000000e+02
2.050000000000000000e+02
3.154459293295661837e+02
2.767854966294974020e+02
2.583768596351559950e+02
2.470474575559734660e+02
2.392153180188871602e+02
2.335426851082447399e+02
2.293884332910160140e+02
2.264035156548009695e+02
2.243853312472478194e+02
2.232157424793162477e+02
2.228323914301582533e+02
2.232157424793163329e+02
2.243853312472479331e+02
2.264035156548010264e+02
2.293884332910159856e+02
2.335426851082447115e+02
2.392153180188869896e+02
2.470474575559733523e+02
2.583768596351559950e+02
2.767854966294973451e+02
3.154459293295661837e+02
3.833235389991856437e+02
3.408364511891742836e+02
3.113011938828969960e+02
2.910442778237062953e+02
2.764420110871410543e+02
2.656461125760317259e+02
2.576496058928817661e+02
2.518655470961687399e+02
2.479392077110934167e+02
2.456586370366030678e+02
2.449103724094273105e+02
2.456586370366032384e+02
2.479392077110938430e+02
2.518655470961689673e+02
2.576496058928818798e+02
2.656461125760316122e+02
2.764420110871409406e+02
2.910442778237060679e+02
3.113011938828968823e+02
3.408364511891741699e+02
3.833235389991857005e+02
4.350160520607843182e+02
3.904412174828962065e+02
3.560013214934112966e+02
3.298764692533612788e+02
3.100935916628229734e+02
2.950701766981006244e+02
2.837670788491590770e+02
2.755132978695318684e+02
2.698779062536198694e+02
2.665936840514592632e+02
2.655144607105028172e+02
2.665936840514594905e+02
2.698779062536201536e+02
2.755132978695320389e+02
2.837670788491590201e+02
2.950701766981005107e+02
3.100935916628229165e+02
3.298764692533612219e+02
3.560013214934110692e+02
3.904412174828962065e+02
4.350160520607842614e+02
4.751564816090378827e+02
4.295465292669547352e+02
3.923481713617242121e+02
3.626162616865752852e+02
3.391649250286128563e+02
3.208884991490551783e+02
3.069095893391002505e+02
2.965938021724027180e+02
2.895036456418290527e+02
2.853554284498706011e+02
2.839898141987281406e+02
2.853554284498706579e+02
2.895036456418292232e+02
2.965938021724028317e+02
3.069095893391001937e+02
3.208884991490551215e+02
3.391649250286125721e+02
3.626162616865749442e+02
3.923481713617240985e+02
4.295465292669547921e+02
4.751564816090379963e+02
5.062304105421461600e+02
4.600149483848352361e+02
4.211636312008025698e+02
3.891249921249573163e+02
3.631569913669097218e+02
3.424924182871195626e+02
3.264532219606167018e+02
3.144982197268163304e+02
3.062274577385485372e+02
3.013693688723836885e+02
2.997670901318934966e+02
3.013693688723836885e+02
3.062274577385485941e+02
3.144982197268162167e+02
3.264532219606164745e+02
3.424924182871193921e+02
3.631569913669094376e+02
3.891249921249568047e+02
4.211636312008025129e+02
4.600149483848353498e+02
5.062304105421462737e+02
5.295797896499040007e+02
4.829920288873241248e+02
4.431025445607880329e+02
4.095635733332616155e+02
3.818838384609820196e+02
3.595214228647133723e+02
3.419608581269666274e+02
3.287609660187596319e+02
3.195762168163075216e+02
3.141620142100188673e+02
3.123732837918739165e+02
3.141620142100186968e+02
3.195762168163072374e+02
3.287609660187592908e+02
3.419608581269662295e+02
3.595214228647132586e+02
3.818838384609816785e+02
4.095635733332615018e+02
4.431025445607878055e+02
4.829920288873238974e+02
5.295797896499040007e+02
5.460123545419318134e+02
4.991907987854181101e+02
4.586417534327675867e+02
4.241286303369375901e+02
3.953062051819488261e+02
3.717764741920066740e+02
3.531413753411570724e+02
3.390427666245433898e+02
3.291876118151199080e+02
3.233613295242693084e+02
3.214337549897546751e+02
3.233613295242689674e+02
3.291876118151195669e+02
3.390427666245428213e+02
3.531413753411568450e+02
3.717764741920063898e+02
3.953062051819487692e+02
4.241286303369376469e+02
4.586417534327674161e+02
4.991907987854177691e+02
5.460123545419312450e+02
5.560275213702715291e+02
5.090629349848970264e+02
4.681074628554602555e+02
4.329860537180532560e+02
4.034376111522392421e+02
3.791520373973972369e+02
3.598084450106493932e+02
3.451080324942202537e+02
3.347986273731659708e+02
3.286909414596746615e+02
3.266681857382375824e+02
3.286909414596744909e+02
3.347986273731655160e+02
3.451080324942199695e+02
3.598084450106492795e+02
3.791520373973972369e+02
4.034376111522391852e+02
4.329860537180532560e+02
4.681074628554599713e+02
5.090629349848964580e+02
5.560275213702708470e+02
5.599282110962780052e+02
5.128860688916662411e+02
4.717093089053813060e+02
4.362541537885616094e+02
4.063033040911303146e+02
3.815940305118781453e+02
3.618488536981683978e+02
3.468039898258236917e+02
3.362325902651338652e+02
3.299617569765420058e+02
3.278836749951746583e+02
3.299617569765417784e+02
3.362325902651335809e+02
3.468039898258236917e+02
3.618488536981685684e+02
3.815940305118779747e+02
4.063033040911300304e+02
4.362541537885612115e+02
4.717093089053805102e+02
5.128860688916654453e+02
5.599282110962772094e+02
5.578778730451165302e+02
5.108111433008548374e+02
4.695640955750700414e+02
4.340025581284860436e+02
4.039228358826725866e+02
3.790771521497549088e+02
3.592020047130133662e+02
3.440451374826114375e+02
3.333882275696269062e+02
3.270640089394054257e+02
3.249677994719160097e+02
3.270640089394053120e+02
3.333882275696269062e+02
3.440451374826113238e+02
3.592020047130130820e+02
3.790771521497547951e+02
4.039228358826723024e+02
4.340025581284854184e+02
4.695640955750688477e+02
5.108111433008537006e+02
5.578778730451151660e+02
5.499282110962783463e+02
5.028860688916664685e+02
4.617093089053811354e+02
4.262541537885615526e+02
3.963033040911303715e+02
3.715940305118782021e+02
3.518488536981684547e+02
3.368039898258235212e+02
3.262325902651337515e+02
3.199617569765417784e+02
3.178836749951746583e+02
3.199617569765416647e+02
3.262325902651336946e+02
3.368039898258235212e+02
3.518488536981682842e+02
3.715940305118778042e+02
3.963033040911298031e+02
4.262541537885607568e+02
4.617093089053801123e+02
5.028860688916648769e+02
5.499282110962766410e+02
5.360275213702717565e+02
4.890629349848971401e+02
4.481074628554604828e+02
4.129860537180534834e+02
3.834376111522394694e+02
3.591520373973973506e+02
3.398084450106492227e+02
3.251080324942198558e+02
3.147986273731654592e+02
3.086909414596745478e+02
3.066681857382373551e+02
3.086909414596745478e+02
3.147986273731656865e+02
3.251080324942199695e+02
3.398084450106489953e+02
3.591520373973968958e+02
3.834376111522386736e+02
4.129860537180525739e+02
4.481074628554593460e+02
4.890629349848957759e+02
5.360275213702703923e+02
5.160123545419320408e+02
4.691907987854185080e+02
4.286417534327677004e+02
3.941286303369378174e+02
3.653062051819490534e+02
3.417764741920067308e+02
3.231413753411568450e+02
3.090427666245430487e+02
2.991876118151196806e+02
2.933613295242687968e+02
2.914337549897543340e+02
2.933613295242689674e+02
2.991876118151197375e+02
3.090427666245429918e+02
3.231413753411567882e+02
3.417764741920063898e+02
3.653062051819484282e+02
3.941286303369368511e+02
4.286417534327665066e+02
4.691907987854172006e+02
5.160123545419307902e+02
4.895797896499043418e+02
4.429920288873245227e+02
4.031025445607884308e+02
3.695635733332618429e+02
3.418838384609819059e+02
3.195214228647133723e+02
3.019608581269665137e+02
2.887609660187594613e+02
2.795762168163071237e+02
2.741620142100186399e+02
2.723732837918738028e+02
2.741620142100186399e+02
2.795762168163070669e+02
2.887609660187591771e+02
3.019608581269662864e+02
3.195214228647129744e+02
3.418838384609813374e+02
3.695635733332609334e+02
4.031025445607872939e+02
4.429920288873234995e+02
4.895797896499034891e+02
4.562304105421463305e+02
4.100149483848354066e+02
3.711636312008027403e+02
3.391249921249571457e+02
3.131569913669096650e+02
2.924924182871196194e+02
2.764532219606167587e+02
2.644982197268161599e+02
2.562274577385483667e+02
2.513693688723836033e+02
2.497670901318933261e+02
2.513693688723835749e+02
2.562274577385482530e+02
2.644982197268161030e+02
2.764532219606164176e+02
2.924924182871192784e+02
3.131569913669090965e+02
3.391249921249565205e+02
3.711636312008019445e+02
4.100149483848346676e+02
4.562304105421459326e+02
4.151564816090377690e+02
3.695465292669546784e+02
3.323481713617242690e+02
3.026162616865752284e+02
2.791649250286126289e+02
2.608884991490552920e+02
2.469095893391003358e+02
2.365938021724026896e+02
2.295036456418290811e+02
2.253554284498704874e+02
2.239898141987277995e+02
2.253554284498704305e+02
2.295036456418290243e+02
2.365938021724026044e+02
2.469095893391001084e+02
2.608884991490549510e+02
2.791649250286123447e+02
3.026162616865750010e+02
3.323481713617237574e+02
3.695465292669543373e+02
4.151564816090373711e+02
3.650160520607842614e+02
3.204412174828961497e+02
2.860013214934111829e+02
2.598764692533612219e+02
2.400935916628229165e+02
2.250701766981005960e+02
2.137670788491591338e+02
2.055132978695318684e+02
1.998779062536197841e+02
1.965936840514591779e+02
1.955144607105025045e+02
1.965936840514591495e+02
1.998779062536198410e+02
2.055132978695317831e+02
2.137670788491589633e+02
2.250701766981003118e+02
2.400935916628226323e+02
2.598764692533610514e+02
2.860013214934109556e+02
3.204412174828958655e+02
3.650160520607840340e+02
3.033235389991857005e+02
2.608364511891741699e+02
2.313011938828969676e+02
2.110442778237062100e+02
1.964420110871409122e+02
1.856461125760316122e+02
1.776496058928816808e+02
1.718655470961687968e+02
1.679392077110934167e+02
1.656586370366030678e+02
1.649103724094271968e+02
1.656586370366030394e+02
1.679392077110934451e+02
1.718655470961687399e+02
1.776496058928815671e+02
1.856461125760314985e+02
1.964420110871407985e+02
2.110442778237059827e+02
2.313011938828968539e+02
2.608364511891742268e+02
3.033235389991857573e+02
2.254459293295660416e+02
1.867854966294973735e+02
1.683768596351559950e+02
1.570474575559734092e+02
1.492153180188870465e+02
1.435426851082447115e+02
1.393884332910160140e+02
1.364035156548008842e+02
1.343853312472477626e+02
1.332157424793161908e+02
1.328323914301581681e+02
1.332157424793162477e+02
1.343853312472477910e+02
1.364035156548008558e+02
1.393884332910159287e+02
1.435426851082445694e+02
1.492153180188870465e+02
1.570474575559734092e+02
1.683768596351560234e+02
1.867854966294974588e+02
2.254459293295662121e+02
1.050000000000000000e+02
1.000000000000000000e+02
1.000000000000000000e+02
1.000000000000000000e+02
1.000000000000000000e+02
1.000000000000000000e+02
1.000000000000000000e+02
1.000000000000000000e+02
1.000000000000000000e+02
1.000000000000000000e+02
1.000000000000000000e+02
1.000000000000000000e+02
1.000000000000000000e+02
1.000000000000000000e+02
1.000000000000000000e+02
1.000000000000000000e+02
1.000000000000000000e+02
1.000000000000000000e+02
1.000000000000000000e+02
1.000000000000000000e+02
1.050000000000000000e+02
